%YAML:1.0
---
cameraMatrix: !!opencv-matrix
   rows: 3
   cols: 3
   dt: d
   data: [ 6.1213548205907375e+02, 0., 6.3617469294568457e+02, 0.,
       6.1210718175636771e+02, 3.7285375010475752e+02, 0., 0., 1. ]
imageSize_width: 1280
imageSize_height: 720
sensorSize_width: 0
sensorSize_height: 0
distCoeffs: !!opencv-matrix
   rows: 5
   cols: 1
   dt: d
   data: [ 9.0611942049612010e-02, -4.5175866825903431e-02,
       4.0519739995867506e-03, -2.2844562822742277e-03,
       6.5779984621702802e-03 ]
reprojectionError: 2.9529109597206116e-01
features:
   - [ 7.38887634e+02, 3.79926910e+02, 7.33295837e+02, 4.03296234e+02,
       7.27641663e+02, 4.26338348e+02, 7.22296875e+02, 4.49011871e+02,
       7.16967346e+02, 4.71272705e+02, 7.11817261e+02, 4.93169159e+02,
       7.06692200e+02, 5.14958984e+02, 7.15428284e+02, 3.72940491e+02,
       7.10008667e+02, 3.95959076e+02, 7.04669617e+02, 4.18680847e+02,
       6.99550476e+02, 4.41049561e+02, 6.94545471e+02, 4.63031128e+02,
       6.89699219e+02, 4.84703583e+02, 6.84811340e+02, 5.06073456e+02,
       6.92562500e+02, 3.66077515e+02, 6.87550537e+02, 3.88973572e+02,
       6.82590210e+02, 4.11244812e+02, 6.77609131e+02, 4.33550903e+02,
       6.72780579e+02, 4.55197144e+02, 6.68154724e+02, 4.76611511e+02,
       6.63583862e+02, 4.97674377e+02, 6.70611267e+02, 3.59589661e+02,
       6.65639771e+02, 3.81965424e+02, 6.60965698e+02, 4.04315887e+02,
       6.56363098e+02, 4.25902832e+02, 6.51770142e+02, 4.47618347e+02,
       6.47395020e+02, 4.68673798e+02, 6.42968262e+02, 4.89545074e+02,
       6.49035828e+02, 3.52978302e+02, 6.44567261e+02, 3.75460876e+02,
       6.40024048e+02, 3.97178436e+02, 6.35605591e+02, 4.19011383e+02,
       6.31309937e+02, 4.40076660e+02, 6.27014648e+02, 4.61098419e+02,
       6.22976135e+02, 4.81617737e+02, 6.28357971e+02, 3.46991425e+02,
       6.24022034e+02, 3.68672852e+02, 6.19707153e+02, 3.90713867e+02,
       6.15510315e+02, 4.11769348e+02, 6.11462463e+02, 4.33084106e+02,
       6.07478394e+02, 4.53568237e+02, 6.03537476e+02, 4.74166260e+02,
       6.08184204e+02, 3.40569641e+02, 6.04059814e+02, 3.62779022e+02,
       6.00041382e+02, 3.83720886e+02, 5.96040405e+02, 4.05334076e+02,
       5.92117615e+02, 4.25776764e+02, 5.88381165e+02, 4.46615479e+02,
       5.84523499e+02, 4.66529846e+02, 5.88502747e+02, 3.35139038e+02,
       5.84563293e+02, 3.56232819e+02, 5.80752380e+02, 3.77913696e+02,
       5.76924805e+02, 3.98316772e+02, 5.73286133e+02, 4.19310699e+02,
       5.69620850e+02, 4.39295319e+02, 5.66252869e+02, 4.59614502e+02,
       5.69368164e+02, 3.28744476e+02, 5.65609192e+02, 3.50724060e+02,
       5.62144226e+02, 3.71235809e+02, 5.58675903e+02, 3.92646881e+02,
       5.54991455e+02, 4.12295532e+02, 5.51596802e+02, 4.32853882e+02,
       5.48058594e+02, 4.52324738e+02, 5.50692139e+02, 3.23787994e+02,
       5.46819946e+02, 3.44585846e+02, 5.43523560e+02, 3.65598175e+02,
       5.40500000e+02, 3.85561676e+02, 5.37290222e+02, 4.06581573e+02,
       5.33617981e+02, 4.25715790e+02, 5.30627441e+02, 4.45656433e+02 ]
   - [ 8.37429504e+02, 3.23182037e+02, 8.31612488e+02, 3.50306885e+02,
       8.26034668e+02, 3.76829865e+02, 8.20494812e+02, 4.03096771e+02,
       8.15151001e+02, 4.28798309e+02, 8.09880676e+02, 4.54303558e+02,
       8.04635925e+02, 4.79273315e+02, 8.09529968e+02, 3.18208649e+02,
       8.04103149e+02, 3.44708771e+02, 7.98799988e+02, 3.70805542e+02,
       7.93596680e+02, 3.96469818e+02, 7.88599854e+02, 4.21778229e+02,
       7.83617676e+02, 4.46682098e+02, 7.78707336e+02, 4.71251221e+02,
       7.82762085e+02, 3.13378906e+02, 7.77695557e+02, 3.39480469e+02,
       7.72764526e+02, 3.65090393e+02, 7.67870850e+02, 3.90325775e+02,
       7.63163452e+02, 4.15125122e+02, 7.58518311e+02, 4.39604126e+02,
       7.53879578e+02, 4.63556702e+02, 7.57261108e+02, 3.08720490e+02,
       7.52446228e+02, 3.34340332e+02, 7.47773376e+02, 3.59500061e+02,
       7.43224854e+02, 3.84235077e+02, 7.38718689e+02, 4.08639557e+02,
       7.34390991e+02, 4.32657593e+02, 7.29932190e+02, 4.56339172e+02,
       7.32569336e+02, 3.04282684e+02, 7.28185364e+02, 3.29468475e+02,
       7.23719604e+02, 3.54160645e+02, 7.19419861e+02, 3.78513336e+02,
       7.15227722e+02, 4.02488312e+02, 7.11079285e+02, 4.26161163e+02,
       7.06967285e+02, 4.49323334e+02, 7.08985229e+02, 3.00056366e+02,
       7.04712891e+02, 3.24647034e+02, 7.00662292e+02, 3.49076111e+02,
       6.96600525e+02, 3.72889496e+02, 6.92601257e+02, 3.96582458e+02,
       6.88664185e+02, 4.19712097e+02, 6.84832581e+02, 4.42703369e+02,
       6.86200378e+02, 2.95802338e+02, 6.82243835e+02, 3.20275024e+02,
       6.78369019e+02, 3.44043304e+02, 6.74550903e+02, 3.67649841e+02,
       6.70714844e+02, 3.90772308e+02, 6.67040100e+02, 4.13778900e+02,
       6.63421021e+02, 4.36226715e+02, 6.64142822e+02, 2.91971802e+02,
       6.60396362e+02, 3.15715363e+02, 6.56751587e+02, 3.39430481e+02,
       6.53170593e+02, 3.62436401e+02, 6.49600647e+02, 3.85371155e+02,
       6.46216064e+02, 4.07760956e+02, 6.42638367e+02, 4.30133942e+02,
       6.42865845e+02, 2.88013245e+02, 6.39426697e+02, 3.11632690e+02,
       6.36018311e+02, 3.34621765e+02, 6.32657410e+02, 3.57634064e+02,
       6.29292603e+02, 3.79960693e+02, 6.25923950e+02, 4.02357849e+02,
       6.22661926e+02, 4.23984619e+02, 6.22274902e+02, 2.84455658e+02,
       6.18810547e+02, 3.07501190e+02, 6.15649719e+02, 3.30394989e+02,
       6.12578430e+02, 3.52633850e+02, 6.09489380e+02, 3.75071686e+02,
       6.06299072e+02, 3.96637878e+02, 6.03203430e+02, 4.18354065e+02 ]
   - [ 8.78112793e+02, 3.67281342e+02, 8.66774231e+02, 3.92624695e+02,
       8.55807251e+02, 4.16844696e+02, 8.45438416e+02, 4.40486786e+02,
       8.35455688e+02, 4.63073090e+02, 8.25811218e+02, 4.85054749e+02,
       8.16433167e+02, 5.06220734e+02, 8.52957703e+02, 3.54548950e+02,
       8.42299133e+02, 3.79250275e+02, 8.32162292e+02, 4.03265045e+02,
       8.22417969e+02, 4.26161285e+02, 8.13135376e+02, 4.48501221e+02,
       8.04170593e+02, 4.69918274e+02, 7.95505188e+02, 4.90812012e+02,
       8.29182312e+02, 3.42447876e+02, 8.19402344e+02, 3.66865631e+02,
       8.09797485e+02, 3.90155945e+02, 8.00792114e+02, 4.12832581e+02,
       7.92088989e+02, 4.34616638e+02, 7.83654602e+02, 4.55884766e+02,
       7.75558411e+02, 4.76263367e+02, 8.06955505e+02, 3.31259369e+02,
       7.97616394e+02, 3.54915466e+02, 7.88919495e+02, 3.78034943e+02,
       7.80368408e+02, 4.00095917e+02, 7.72258545e+02, 4.21685913e+02,
       7.64320618e+02, 4.42385864e+02, 7.56711670e+02, 4.62555054e+02,
       7.85848877e+02, 3.20430359e+02, 7.77409668e+02, 3.43893372e+02,
       7.68907471e+02, 3.66276215e+02, 7.61151978e+02, 3.88291656e+02,
       7.53361450e+02, 4.09261078e+02, 7.46061523e+02, 4.29816010e+02,
       7.38824646e+02, 4.49469971e+02, 7.66100525e+02, 3.10376678e+02,
       7.57895264e+02, 3.33247040e+02, 7.50429626e+02, 3.55555115e+02,
       7.42740479e+02, 3.76665009e+02, 7.35661011e+02, 3.97639404e+02,
       7.28592529e+02, 4.17582794e+02, 7.22019287e+02, 4.37321106e+02,
       7.47252563e+02, 3.00719238e+02, 7.39765137e+02, 3.23330109e+02,
       7.32418640e+02, 3.44881714e+02, 7.25512878e+02, 3.66129944e+02,
       7.18573181e+02, 3.86382233e+02, 7.12266418e+02, 4.06428619e+02,
       7.05720520e+02, 4.25420746e+02, 7.29444031e+02, 2.91626312e+02,
       7.22346802e+02, 3.13691742e+02, 7.15599060e+02, 3.35160004e+02,
       7.08810791e+02, 3.55633362e+02, 7.02575562e+02, 3.75848877e+02,
       6.96376709e+02, 3.95327820e+02, 6.90474609e+02, 4.14388458e+02,
       7.12501282e+02, 2.82789551e+02, 7.05915588e+02, 3.04671631e+02,
       6.99343933e+02, 3.25606567e+02, 6.93351196e+02, 3.46057800e+02,
       6.87245178e+02, 3.65634644e+02, 6.81506042e+02, 3.84999695e+02,
       6.75709778e+02, 4.03483398e+02, 6.96373474e+02, 2.74821167e+02,
       6.89800537e+02, 2.95927612e+02, 6.84163269e+02, 3.16588776e+02,
